TH1 Low
-1.579843 17313961
-1.56889 17333056
-1.57287 17326128
-1.571826 17327922
-1.572844 17326140
37.219139 85030921
TH1 High
71.517295 144892540
71.569713 144983995
71.352773 144605344
71.534706 144922908
71.351794 144603661
TH2 Low
-1.617652 15851708
-1.639392 15813779
-1.628367 15832995
-1.595306 15890695
-1.607333 15869665
TH2 High
71.635769 143703014
71.533323 143524198
71.556284 143564284
71.580317 143606245
71.531312 143520701
TH2 Repeat
59.999944 123394681
59.999952 123394675
59.999941 123394685
59.999948 123394683
59.999947 123394683
TH1 Repeat
59.99962 124790372
59.999626 124790383
59.999625 124790384
59.999634 124790401
59.999628 124790402
Mono X
3.2515 655030
3.251 655020
3.25125 655026
3.25135 655028
3.2514 655029
-13.29835 324032
-13.299 324019
-13.30105 323978
-13.30315 323937
-13.30305 323938
Mono X Repeat
-9.99935 390013
-9.9994 390012
-9.9994 390013
-9.99945 390013
-9.9994 390012
Txd Limit High
12.8805 531783
12.9028 531343
12.91465 531107
12.9238 530926
12.9289 530823
Txd Limit Low
-12.0811 1031023
-12.07965 1030994
-12.0818 1031036
-12.0815 1031031
-12.0815 1031030
Txd Repeat
-5.0 889399
-5.00005 889400
-5.00005 889400
-5.0 889400
-5.00005 889401
Tyd Limit High
48.11015 532797
48.11225 532755
48.10985 532803
48.1177 532644
48.12175 532565
Tyd Limit Low
-0.91295 1513259
-0.91965 1513392
-0.91375 1513276
-0.91595 1513319
-0.914 1513281
Tyd Repeat
4.9974 1395052
4.99865 1395027
4.99375 1395125
4.9989 1395022
4.997 1395059
